98 81 38 93 74 37
103 84 38 94 78 35
103 86 42 96 80 35
105 86 42 101 84 39
109 88 44 102 85 38
123 92 50 103 81 37
123 95 46 104 83 39
133 99 51 106 83 39
133 102 51 107 82 38
133 102 51 112 89 40
134 100 48 113 88 40
136 102 49 114 86 40
138 98 51 116 90 43
138 99 51 117 90 41
141 105 53 117 91 41
147 108 57 119 93 41
149 107 55 120 89 40
153 107 56 120 93 44
155 115 63 121 95 42
155 117 60 125 93 45
158 115 62 127 96 45
159 118 63 128 95 45
162 124 61 131 95 46
177 132 67 135 106 47
